3 0.10134297520661156 0.5925619834710745 0.02231404958677684 0.11074380165289263
3 0.14922520661157024 0.5958677685950414 0.02510330578512395 0.09752066115702476
3 0.6457128099173554 0.6272727272727272 0.04183884297520671 0.2033057851239669
3 0.7298553719008264 0.6322314049586772 0.05206611570247908 0.21652892561983456
2 0.3044938016528924 0.609090909090909 0.12365702479338844 0.09421487603305766
2 0.4360537190082644 0.6041322314049588 0.09483471074380162 0.09090909090909094
2 0.5188016528925619 0.6033057851239669 0.06880165289256186 0.0727272727272726
2 0.5950413223140495 0.6066115702479339 0.06508264462809912 0.06611570247933883
2 0.7786673553719007 0.6165289256198342 0.07716942148760346 0.09256198347107389
0 0.8902376033057849 0.6231404958677687 0.021384297520661164 0.08925619834710752
