3 0.08646694214876031 0.5942148760330578 0.02417355371900827 0.11404958677685947
3 0.12830578512396693 0.6033057851239669 0.026033057851239664 0.09256198347107443
3 0.6415289256198347 0.6297520661157024 0.0502066115702479 0.22148760330578512
3 0.708935950413223 0.6413223140495868 0.05671487603305792 0.24132231404958676
2 0.2970557851239667 0.6041322314049589 0.1348140495867768 0.09090909090909101
2 0.4346590909090907 0.6090909090909092 0.10134297520661154 0.0876033057851239
2 0.5188016528925619 0.6066115702479339 0.06508264462809911 0.07603305785123966
2 0.5950413223140496 0.6024793388429752 0.06508264462809912 0.06776859504132232
2 0.7795971074380165 0.6157024793388429 0.07159090909090907 0.09752066115702476
0 0.8902376033057852 0.6272727272727273 0.030681818181818272 0.08099173553719005
