3 0.06833677685950412 0.5933884297520661 0.030681818181818192 0.09917355371900825
3 0.11342975206611569 0.6016528925619835 0.027892561983471058 0.09256198347107443
3 0.6517561983471074 0.6338842975206611 0.044628099173553724 0.23966942148760326
3 0.694059917355372 0.6404958677685948 0.04741735537190082 0.25619834710743783
2 0.30263429752066096 0.603305785123967 0.12179752066115695 0.09917355371900834
2 0.42861570247933883 0.6074380165289255 0.10041322314049587 0.09752066115702476
2 0.5160123966942145 0.6016528925619837 0.07066115702479334 0.07272727272727314
2 0.5927169421487603 0.6041322314049588 0.06601239669421488 0.0677685950413224
2 0.7828512396694214 0.6115702479338843 0.08367768595041312 0.09586776859504127
0 0.89349173553719 0.6330578512396694 0.022314049586776862 0.09917355371900832
