3 0.0055785123966942156 0.6 0.011157024793388431 0.10247933884297517
3 0.4797520661157024 0.687603305785124 0.08739669421487604 0.4
3 0.8219008264462812 0.6842975206611566 0.08181818181818139 0.3272727272727271
3 0.8642045454545453 0.6793388429752066 0.006508264462810018 0.006611570247933969
2 0.42303719008264473 0.6057851239669422 0.0855371900826447 0.09421487603305795
2 0.1775826446280992 0.6107438016528923 0.1747933884297521 0.12066115702479338
2 0.3151859504132228 0.6049586776859504 0.09297520661157019 0.08264462809917344
2 0.5889979338842974 0.6016528925619835 0.06787190082644629 0.06942148760330574
2 0.755834829443447 0.6183921803311391 0.035906642728904786 0.09734689806503098
0 0.8909335727109515 0.6175942549371635 0.033213644524237085 0.08936764412527438
