3 0.01162190082644628 0.5958677685950413 0.02324380165289256 0.10743801652892572
3 0.5025309917355372 0.6735537190082644 0.08088842975206603 0.3884297520661157
3 0.7981921487603304 0.6752066115702479 0.07159090909090893 0.3256198347107439
2 0.43465909090909066 0.6099173553719005 0.09948347107437998 0.0991735537190081
2 0.4300103305785123 0.5504132231404958 0.0027892561983471607 0.009917355371900883
2 0.5866735537190082 0.6082644628099173 0.0688016528925619 0.08595041322314038
2 0.21058884297520652 0.6090909090909092 0.1627066115702479 0.12396694214876042
2 0.3244834710743798 0.6066115702479342 0.07252066115702474 0.09586776859504137
2 0.7582128099173553 0.6148760330578512 0.03997933884297524 0.09586776859504127
0 0.8873429084380611 0.6263714342708957 0.03321364452423694 0.07819668860961507
