3 0.01627066115702479 0.5917355371900826 0.028822314049586774 0.11570247933884303
3 0.061828512396694214 0.5991735537190083 0.02510330578512396 0.10413223140495859
3 0.6196797520661157 0.6586776859504133 0.06601239669421495 0.2991735537190083
3 0.7084710743801652 0.6545454545454545 0.05950413223140487 0.2743801652892561
2 0.29473140495867767 0.6115702479338843 0.10971074380165291 0.08595041322314048
2 0.3672520661157026 0.6099173553718993 0.11157024793388444 0.1057851239669419
2 0.49555785123966944 0.6082644628099169 0.08925619834710752 0.08264462809917356
2 0.5801652892561983 0.6033057851239668 0.04276859504132224 0.06280991735537203
2 0.7823863636363635 0.61900826446281 0.0734504132231406 0.06776859504132247
0 0.8897727272727272 0.6355371900826446 0.027892561983471183 0.05785123966942145
