3 0.05113636363636363 0.587603305785124 0.02603305785123967 0.10743801652892557
3 0.09529958677685949 0.6016528925619832 0.02510330578512395 0.10578512396694215
3 0.6568698347107431 0.6371900826446282 0.028822314049586704 0.10743801652892584
3 0.6777892561983471 0.6438016528925615 0.05392561983471093 0.28264462809917346
2 0.299845041322314 0.609090909090909 0.12923553719008266 0.09090909090909094
2 0.4207128099173553 0.6115702479338843 0.09948347107438017 0.08264462809917368
2 0.5113636363636364 0.6066115702479339 0.07623966942148755 0.06942148760330567
2 0.5936466942148759 0.6066115702479339 0.06415289256198349 0.06611570247933883
2 0.78099173553719 0.6140495867768595 0.07809917355371908 0.08429752066115696
0 0.8902376033057852 0.6305785123966942 0.030681818181818272 0.07438016528925623
