3 0.0943698347107438 0.5942148760330579 0.02696280991735538 0.10082644628099174
3 0.1371384297520661 0.6008264462809918 0.026962809917355363 0.0975206611570249
3 0.6443181818181817 0.6297520661157026 0.048347107438016505 0.2181818181818182
3 0.7168388429752065 0.6363636363636364 0.05392561983471083 0.23140495867768596
2 0.3012396694214876 0.6074380165289258 0.1245867768595041 0.09752066115702478
2 0.4365185950413222 0.6049586776859502 0.10134297520661147 0.08925619834710735
2 0.5197314049586776 0.6066115702479339 0.06322314049586772 0.0859504132231406
2 0.5936466942148759 0.6066115702479339 0.062293388429751954 0.06942148760330567
2 0.7768078512396692 0.6190082644628095 0.07159090909090893 0.09090909090909077
0 0.8893078512396693 0.6322314049586777 0.013946280991735591 0.06115702479338836
