3 0.0762396694214876 0.5917355371900826 0.024173553719008263 0.10909090909090914
3 0.12226239669421485 0.6008264462809918 0.02510330578512397 0.0975206611570249
3 0.6475723140495867 0.6347107438016528 0.049276859504132096 0.22479338842975205
3 0.7047520661157024 0.6314049586776861 0.05578512396694209 0.24462809917355371
2 0.3044938016528925 0.6099173553719008 0.12179752066115704 0.10578512396694208
2 0.4355888429752066 0.6099173553719008 0.09762396694214878 0.08925619834710737
2 0.5197314049586776 0.6 0.06880165289256202 0.07272727272727278
2 0.593646694214876 0.6066115702479338 0.06973140495867747 0.05950413223140497
2 0.778202479338843 0.6173553719008263 0.07438016528925648 0.08429752066115698
0 0.8874483471074379 0.6371900826446282 0.03440082644628092 0.07768595041322307
