3 0.08321280991735534 0.5900826446280992 0.02138429752066115 0.11900826446281002
3 0.12691115702479336 0.6008264462809918 0.023243801652892557 0.0975206611570249
3 0.6452479338842975 0.6388429752066117 0.04276859504132238 0.24297520661157018
3 0.7066115702479339 0.6355371900826445 0.05764462809917349 0.23636363636363622
2 0.29891528925619826 0.6082644628099174 0.12737603305785125 0.10247933884297526
2 0.43512396694214867 0.6099173553719008 0.1004132231404957 0.09586776859504134
2 0.5174070247933882 0.6049586776859507 0.06229338842975203 0.07933884297520667
2 0.5917871900826445 0.6041322314049588 0.06973140495867765 0.06115702479338855
2 0.7763429752066116 0.6181818181818182 0.06694214876033072 0.09256198347107429
0 0.8888429752066115 0.6380165289256198 0.029752066115702577 0.08264462809917361
