3 0.03254132231404958 0.5900826446280992 0.03161157024793388 0.10578512396694215
3 0.07716942148760329 0.5983471074380162 0.03347107438016528 0.10247933884297518
3 0.6894111570247933 0.6479338842975207 0.0511363636363636 0.26446280991735543
3 0.6429235537190081 0.6561983471074382 0.06415289256198357 0.2776859504132231
2 0.3021694214876033 0.6107438016528925 0.11714876033057856 0.10413223140495859
2 0.39096074380165285 0.6082644628099166 0.11064049586776845 0.10247933884297505
2 0.5016012396694214 0.6082644628099174 0.08460743801652888 0.07933884297520663
2 0.5922520661157025 0.6082644628099173 0.06880165289256204 0.06280991735537192
2 0.7893595041322314 0.609090909090909 0.09669421487603301 0.09090909090909094
0 0.8902376033057848 0.6256198347107441 0.043698347107438 0.09421487603305756
