3 0.06322314049586775 0.5892561983471071 0.031611570247933866 0.10743801652892553
3 0.10785123966942148 0.5975206611570247 0.02045454545454545 0.10743801652892557
3 0.6550103305785123 0.6355371900826446 0.041838842975206486 0.23636363636363633
3 0.6903409090909091 0.6380165289256199 0.0418388429752065 0.2677685950413224
2 0.3007747933884297 0.6074380165289256 0.12551652892561985 0.10413223140495868
2 0.4239669421487603 0.6123966942148762 0.10227272727272735 0.09752066115702494
2 0.5132231404958677 0.6049586776859504 0.07066115702479336 0.08264462809917361
2 0.5931818181818183 0.6049586776859504 0.06508264462809918 0.06942148760330576
2 0.7823863636363636 0.6107438016528925 0.09204545454545468 0.10743801652892557
0 0.890702479338843 0.6239669421487603 0.02603305785123979 0.09752066115702476
