3 0.0743801652892562 0.5942148760330579 0.029752066115702483 0.11074380165289276
3 0.11807851239669422 0.5983471074380166 0.03347107438016527 0.09256198347107443
3 0.6508264462809916 0.6330578512396694 0.04276859504132219 0.22479338842975202
3 0.7001033057851237 0.6330578512396697 0.04276859504132204 0.24132231404958707
2 0.29612603305785123 0.609090909090909 0.1310950413223141 0.10743801652892557
2 0.42722107438016516 0.6107438016528924 0.10320247933884294 0.09090909090909084
2 0.5155475206611569 0.6099173553719008 0.06601239669421488 0.07933884297520656
2 0.5936466942148759 0.6049586776859504 0.06601239669421488 0.06942148760330583
2 0.7786673553719007 0.615702479338843 0.08274793388429756 0.08429752066115703
0 0.8879132231404958 0.6247933884297521 0.026033057851239647 0.07933884297520663
