3 0.0715909090909091 0.5950413223140497 0.029752066115702486 0.10909090909090914
3 0.1152892561983471 0.6008264462809918 0.03533057851239668 0.0975206611570249
3 0.6494318181818182 0.6322314049586777 0.049276859504132346 0.2297520661157025
3 0.6977789256198347 0.6404958677685951 0.04927685950413221 0.25289256198347104
2 0.30170454545454545 0.6082644628099173 0.12365702479338843 0.1024793388429751
2 0.4290805785123966 0.6115702479338843 0.10320247933884297 0.09256198347107436
2 0.5160123966942144 0.6057851239669422 0.07066115702479334 0.07768595041322314
2 0.5927169421487604 0.6082644628099173 0.0678719008264462 0.05950413223140508
0 0.890702479338843 0.6322314049586777 0.027892561983470898 0.0842975206611569
2 0.7814566115702479 0.6165289256198346 0.08088842975206603 0.09256198347107436
