3 0.09529958677685949 0.5917355371900826 0.02696280991735538 0.10578512396694208
3 0.1399276859504132 0.5966942148760331 0.021384297520661146 0.10578512396694223
3 0.6424586776859503 0.6297520661157024 0.05020661157024797 0.22148760330578512
3 0.7205578512396694 0.6388429752066116 0.05764462809917347 0.22644628099173567
2 0.3017045454545455 0.6057851239669423 0.12551652892561996 0.09752066115702478
2 0.4355888429752066 0.6066115702479339 0.09762396694214887 0.09256198347107453
2 0.5178719008264463 0.6041322314049588 0.06694214876033051 0.07768595041322314
2 0.5936466942148759 0.6057851239669421 0.060433884297520564 0.06115702479338843
2 0.7786673553719009 0.6140495867768602 0.06787190082644642 0.09090909090909104
0 0.8893078512396694 0.6297520661157024 0.01766528925619838 0.06611570247933883
