3 0.05346074380165288 0.5909090909090909 0.032541322314049576 0.11735537190082646
3 0.10087809917355367 0.5958677685950412 0.028822314049586746 0.10082644628099163
3 0.6554752066115705 0.6347107438016532 0.03347107438016523 0.23471074380165333
3 0.6861570247933885 0.6421487603305784 0.04276859504132232 0.2661157024793388
2 0.303099173553719 0.6016528925619834 0.12458677685950409 0.09256198347107429
2 0.4225723140495865 0.6099173553719008 0.09948347107438016 0.09256198347107429
2 0.5104338842975208 0.603305785123967 0.08181818181818183 0.07603305785123976
2 0.5936466942148761 0.6041322314049586 0.06229338842975198 0.06446280991735523
2 0.7800619834710742 0.6165289256198346 0.08553719008264465 0.09256198347107436
0 0.8893078512396693 0.6272727272727273 0.03068181818181813 0.07438016528925609
