3 0.0581095041322314 0.5909090909090909 0.032541322314049576 0.11074380165289256
3 0.10552685950413218 0.5966942148760334 0.023243801652892557 0.10578512396694251
3 0.6564049586776859 0.6355371900826446 0.03719008264462815 0.24297520661157024
3 0.6889462809917355 0.6396694214876033 0.04462809917355371 0.2743801652892562
2 0.3026342975206611 0.6082644628099173 0.11993801652892565 0.09586776859504141
2 0.4239669421487604 0.6115702479338845 0.09855371900826454 0.08925619834710755
2 0.5118285123966941 0.6066115702479338 0.07345041322314044 0.07272727272727247
2 0.5085743801652892 0.5603305785123966 0.0037190082644627865 0.019834710743801623
2 0.5931818181818183 0.6057851239669422 0.07252066115702484 0.07438016528925613
2 0.7814566115702479 0.6082644628099173 0.08274793388429742 0.09586776859504141
0 0.8916322314049586 0.6272727272727273 0.022314049586776862 0.07107438016528916
