2 0.30356404958677685 0.6082644628099174 0.11807851239669422 0.09917355371900825
2 0.43094008264462813 0.6157024793388431 0.0994834710743804 0.09421487603305773
2 0.518801652892562 0.6016528925619835 0.07252066115702484 0.07933884297520656
2 0.5950413223140495 0.6033057851239669 0.06508264462809912 0.06942148760330583
3 0.09251033057851242 0.5917355371900822 0.028822314049586812 0.10909090909090911
3 0.13341942148760327 0.6041322314049588 0.02510330578512397 0.09090909090909094
3 0.6447830578512397 0.6322314049586776 0.043698347107438085 0.2198347107438016
3 0.714979338842975 0.6363636363636364 0.05950413223140501 0.24462809917355358
2 0.7791322314049586 0.621487603305785 0.07252066115702475 0.09917355371900798
0 0.8879132231404958 0.6355371900826446 0.024173553719008253 0.06115702479338836
