3 0.028822314049586774 0.587603305785124 0.04276859504132231 0.12396694214876042
3 0.07252066115702478 0.5958677685950413 0.03161157024793388 0.10743801652892572
3 0.6954545454545453 0.6413223140495871 0.05020661157024749 0.2743801652892563
3 0.6317665289256195 0.6520661157024792 0.06415289256198321 0.3024793388429752
2 0.2965909090909091 0.609917355371901 0.10971074380165292 0.09586776859504115
2 0.38398760330578513 0.6132231404958677 0.10413223140495877 0.0991735537190083
2 0.4983471074380165 0.6057851239669421 0.0836776859504132 0.07107438016528925
2 0.5871384297520661 0.6008264462809918 0.056714876033057776 0.06446280991735534
0 0.8897727272727272 0.6264462809917356 0.029752066115702434 0.08595041322314052
2 0.7772727272727272 0.6157024793388429 0.08181818181818187 0.09752066115702476
