3 0.039514462809917356 0.5900826446280992 0.026962809917355366 0.11900826446281002
3 0.08600206611570246 0.5966942148760331 0.02696280991735538 0.10578512396694223
3 0.6815082644628099 0.640495867768595 0.029752066115702577 0.2561983471074381
3 0.6559400826446281 0.6421487603305787 0.05299586776859499 0.2793388429752066
2 0.29705578512396685 0.6057851239669423 0.12179752066115695 0.09421487603305811
2 0.4049070247933885 0.6082644628099173 0.10134297520661162 0.10247933884297505
2 0.5039256198347107 0.6033057851239669 0.0836776859504132 0.07933884297520663
2 0.5917871900826446 0.6041322314049586 0.06973140495867768 0.061157024793388075
2 0.7819214876033057 0.6198347107438016 0.07809917355371908 0.09917355371900832
0 0.8939566115702479 0.6214876033057851 0.036260330578512454 0.07603305785123958
