3 0.08739669421487602 0.5933884297520662 0.029752066115702486 0.11239669421487612
3 0.13202479338842973 0.6033057851239669 0.026033057851239647 0.09256198347107443
3 0.6443181818181817 0.631404958677686 0.04462809917355365 0.2247933884297521
3 0.7121900826446279 0.6429752066115703 0.0539256198347105 0.23801652892561964
2 0.3007747933884299 0.6090909090909092 0.12737603305785128 0.10082644628099174
2 0.43837809917355364 0.6074380165289258 0.10134297520661155 0.08429752066115721
2 0.5197314049586776 0.6016528925619835 0.06508264462809943 0.07933884297520663
2 0.5936466942148759 0.6016528925619835 0.06415289256198349 0.06942148760330574
2 0.7809917355371897 0.6173553719008267 0.07066115702479289 0.09421487603305785
0 0.8883780991735537 0.6371900826446282 0.023243801652892415 0.0677685950413224
