3 0.00790289256198347 0.5917355371900826 0.012086776859504132 0.12892561983471082
3 0.044163223140495866 0.5975206611570247 0.026962809917355366 0.10413223140495881
3 0.5769111570247931 0.6545454545454542 0.0753099173553719 0.3272727272727271
3 0.7475206611570248 0.6586776859504135 0.06880165289256224 0.29586776859504155
2 0.3235537190082644 0.6082644628099176 0.13574380165289252 0.10578512396694238
2 0.25010330578512396 0.609090909090909 0.027892561983471075 0.06776859504132232
2 0.47789256198347096 0.6082644628099174 0.09483471074380162 0.08264462809917361
2 0.6154958677685951 0.6107438016528923 0.013016528925619988 0.0677685950413223
2 0.80475763016158 0.6215838819070417 0.042190305206463136 0.07819668860961507
0 0.8882405745062837 0.6239776580889688 0.03859964093357277 0.07660083782166374
