3 0.03672520661157025 0.5900826446280992 0.02324380165289256 0.11239669421487605
3 0.07949380165289255 0.5983471074380163 0.026962809917355363 0.10247933884297517
3 0.6889462809917356 0.6404958677685948 0.037190082644628 0.25619834710743783
3 0.6545454545454545 0.6454545454545453 0.06322314049586755 0.2859504132231402
2 0.30123966942148767 0.6057851239669422 0.11528925619834722 0.08429752066115698
2 0.3970041322314048 0.6107438016528924 0.1078512396694212 0.08760330578512394
2 0.5043904958677685 0.6049586776859504 0.08646694214876029 0.07603305785123965
2 0.5936466942148758 0.6041322314049589 0.06787190082644613 0.0677685950413224
2 0.7888946280991734 0.6157024793388429 0.08274793388429742 0.0876033057851238
0 0.8855888429752065 0.6256198347107439 0.03068181818181813 0.07768595041322307
