3 0.02370867768595041 0.5884297520661157 0.030681818181818175 0.11570247933884303
3 0.06554752066115702 0.5983471074380166 0.02510330578512396 0.10909090909090921
3 0.7019628099173554 0.6446280991735537 0.05206611570247944 0.27438016528925624
3 0.6271177685950413 0.6479338842975205 0.06601239669421492 0.29421487603305774
2 0.29659090909090907 0.6099173553719008 0.11342975206611569 0.09256198347107443
2 0.3723657024793385 0.6090909090909074 0.1124999999999999 0.10082644628099115
2 0.49555785123966944 0.6082644628099173 0.08925619834710737 0.08595041322314038
2 0.5862086776859503 0.6107438016528925 0.05113636363636367 0.07107438016528932
0 0.8914397154176004 0.6230834540937364 0.02789256198347104 0.07603305785123958
2 0.7786673553719007 0.6099173553719008 0.08832644628099175 0.08264462809917347
