3 0.015805785123966944 0.5884297520661157 0.02975206611570248 0.11570247933884303
3 0.05903925619834711 0.5950413223140496 0.025103305785123976 0.10247933884297528
3 0.6141012396694214 0.6603305785123966 0.06787190082644642 0.312396694214876
3 0.7103305785123962 0.6553719008264463 0.06508264462809916 0.2892561983471075
2 0.29240702479338837 0.6099173553719008 0.10134297520661156 0.09917355371900825
2 0.3593491735537193 0.6099173553718995 0.11621900826446288 0.10578512396694188
2 0.4909090909090908 0.6049586776859504 0.09111570247933877 0.08925619834710759
2 0.5755165289256198 0.6099173553719008 0.03533057851239676 0.05289256198347104
2 0.7754132231404958 0.6132231404958678 0.06880165289256197 0.09586776859504134
0 0.8897727272727272 0.6256198347107438 0.024173553719008395 0.10082644628099174
