3 0.09855371900826444 0.5933884297520658 0.02789256198347104 0.10909090909090904
3 0.14411157024793386 0.6008264462809918 0.01859504132231404 0.0975206611570249
3 0.6475723140495867 0.6280991735537189 0.0436983471074381 0.2049586776859504
3 0.7261363636363635 0.6429752066115698 0.05764462809917349 0.22809917355371886
2 0.5936466942148759 0.6016528925619835 0.06601239669421488 0.06611570247933883
2 0.3003099173553718 0.6049586776859504 0.12644628099173555 0.09256198347107429
2 0.437448347107438 0.6066115702479338 0.10134297520661159 0.0859504132231406
2 0.5174070247933882 0.6008264462809918 0.06229338842975194 0.07768595041322311
2 0.7842458677685948 0.6214876033057851 0.054855371900826386 0.09586776859504134
0 0.890702479338843 0.6231404958677687 0.020454545454545326 0.07933884297520656
